     1: WP_097326105.1  100.00   26.77   28.71   26.13   29.68   30.65   29.68   30.32   30.32   27.10   27.42   27.42   29.35   29.03   30.00   30.00   28.06
     2: WP_117315975.1   26.77  100.00   58.28   58.88   59.47   60.95   60.06   59.76   58.88   38.44   39.70   47.15   45.21   45.07   47.45   44.61   44.31
     3: WP_076585679.1   28.71   58.28  100.00   70.41   76.63   72.49   77.22   77.22   77.51   37.84   39.10   41.74   45.21   44.78   45.95   44.01   45.21
     4: WP_028771085.1   26.13   58.88   70.41  100.00   73.96   76.92   74.85   77.81   73.96   38.74   40.60   43.84   43.71   44.78   43.84   45.21   46.71
     5: WP_114959563.1   29.68   59.47   76.63   73.96  100.00   76.92   78.11   79.88   78.40   40.54   41.49   45.65   48.50   46.27   45.05   46.11   48.20
     6: WP_022969495.1   30.65   60.95   72.49   76.92   76.92  100.00   79.29   80.77   79.29   36.34   40.60   44.14   43.71   44.48   44.14   44.61   44.31
     7: WP_130552392.1   29.68   60.06   77.22   74.85   78.11   79.29  100.00   87.28   85.80   37.84   40.00   42.94   43.71   42.69   41.74   42.81   43.11
     8: NP_635607.1      30.32   59.76   77.22   77.81   79.88   80.77   87.28  100.00   87.87   37.24   40.00   42.64   45.21   42.99   42.64   42.22   42.51
     9: WP_003480168.1   30.32   58.88   77.51   73.96   78.40   79.29   85.80   87.87  100.00   37.84   40.30   42.04   45.21   43.88   44.14   42.81   43.41
    10: WP_040156198.1   27.10   38.44   37.84   38.74   40.54   36.34   37.84   37.24   37.84  100.00   48.08   44.38   51.03   49.56   48.52   47.79   46.90
    11: WP_101686474.1   27.42   39.70   39.10   40.60   41.49   40.60   40.00   40.00   40.30   48.08  100.00   45.72   46.76   47.51   49.85   50.29   52.06
    12: WP_088919872.1   27.42   47.15   41.74   43.84   45.65   44.14   42.94   42.64   42.04   44.38   45.72  100.00   51.03   51.33   50.59   47.67   51.61
    13: WP_012802190.1   29.35   45.21   45.21   43.71   48.50   43.71   43.71   45.21   45.21   51.03   46.76   51.03  100.00   61.18   59.00   55.88   53.53
    14: WP_012948569.1   29.03   45.07   44.78   44.78   46.27   44.48   42.69   42.99   43.88   49.56   47.51   51.33   61.18  100.00   57.82   58.24   53.82
    15: WP_091632192.1   30.00   47.45   45.95   43.84   45.05   44.14   41.74   42.64   44.14   48.52   49.85   50.59   59.00   57.82  100.00   59.12   54.71
    16: WP_003805730.1   30.00   44.61   44.01   45.21   46.11   44.61   42.81   42.22   42.81   47.79   50.29   47.67   55.88   58.24   59.12  100.00   63.16
    17: WP_056164922.1   28.06   44.31   45.21   46.71   48.20   44.31   43.11   42.51   43.41   46.90   52.06   51.61   53.53   53.82   54.71   63.16  100.00